21

10
	
10

5
	
4

0

2
	
24

22

3

16	
	
21

10
	
7

7
	
5

1

1
	
20

25
	
11
	
11

21

11
	
7

5

3

2

4

24

11

7

8

21

11
	
8

2

7

2

2

22

12

8

13

21

10

6

4

6

1

4

21

16

10

15

21

11

5

5

4

4

3

16

14

13

16

21

11

6

3

6

3

3

16

16

10

15

21

11

4

5

5

2

5

15

14

11

16

21

11

6

2

6

2

5

16

10

8

17

21

10

5

2

6

2

6

16

9

14

19

21

10

4

3

5

4

3

12

10

12

15

21

10

3

2

7

3

6

17

13

16

18

21

10

2

3

7

3

6

7

4

11

12

21

11

3

2

6

5

5

14

6

16

13

21

10

3

1

8

5

4

12

10

15

16

21

11

1

2

11

4

3

10

8

16

15

21

11

3

1

8

4

5

9

10

13

20

21

10

2

2

7

5

5

10

10

12

15

21

11

5

0

4

2

10

18

5

13

24

21

10

2

2

5

4

8

13

7

15

18